# data-raw/process_internal.R
# Script to process internal datasets for the HOME package.
# This script converts raw coefficient matrices into Base R data frames
# to ensure zero dependencies (no data.table required).

# ==============================================================================
# 1. TIMAEUS COEFFICIENTS (1991)
# ==============================================================================

coef_timaeus <- list(
  Female = data.frame(
    Age = c(10, 15, 20, 25, 30, 35, 40, 45, 50),
    a_n = c(-0.2894, -0.1718, -0.1513, -0.1808, -0.2511, -0.3644, -0.5181, -0.6880, -0.8054),
    b_n = c(0.00125, 0.00222, 0.00372, 0.00586, 0.00885, 0.01287, 0.01795, 0.02342, 0.02721),
    c_n = c(1.2559, 1.1123, 1.0525, 1.0267, 1.0219, 1.0380, 1.0753, 1.1276, 1.1678)
  ),
  Male = data.frame(
    Age = c(10, 15, 20, 25, 30, 35, 40),
    a_n = c(-0.5578, -0.4013, -0.3329, -0.4726, -0.7056, -0.9153, -0.9950),
    b_n = c(0.00040, 0.00576, 0.01031, 0.01559, 0.02076, 0.02493, 0.02635),
    c_n = c(1.47078, 1.56020, 0.66560, 0.21610, 0.19970, 0.34840, 0.42690),
    d_n = c(0.06978, -0.35220, 0.34190, 0.78960, 0.90660, 0.86310, 0.82630)
  )
)

# ==============================================================================
# 2. LUY COEFFICIENTS (2012)
# ==============================================================================
# Structure: Data Frames where columns represent Mean Age at Childbearing (Mn)
# and rows represent the Respondent Age Group.

ages_vec <- c(20, 25, 30, 35, 40, 45, 50, 55, 60)

# --- 2A. FEMALE COEFFICIENTS ---

# WN (Weighting Factors) - Female
df_wn_f <- data.frame(
  Age_Group = ages_vec,
  `22` = c(0.98127470, 0.97652389, 0.96285821, 0.93693363, 0.88937133, 0.81015260, 0.67668398, 0.47865927, 0.25211513),
  `23` = c(0.98652334, 0.97837053, 0.96635250, 0.94209872, 0.89846684, 0.82533808, 0.70104680, 0.50892485, 0.28715073),
  `24` = c(0.98776788, 0.98051467, 0.97025630, 0.94802867, 0.90897573, 0.84591524, 0.73056389, 0.54674209, 0.33847643),
  `25` = c(0.98934193, 0.98321627, 0.97507281, 0.95553151, 0.92257712, 0.87423845, 0.77095572, 0.59995566, 0.41565030),
  `26` = c(0.99117498, 0.98662903, 0.98141808, 0.96546289, 0.94075278, 0.91062231, 0.82928043, 0.68292301, 0.51674307),
  `27` = c(0.99355225, 0.99077520, 0.98867477, 0.97808465, 0.96369544, 0.94806809, 0.89391136, 0.78448385, 0.64962676),
  `28` = c(0.99614331, 0.99511055, 0.99574158, 0.99177736, 0.98706600, 0.98776745, 0.96314516, 0.89954107, 0.83446143),
  `29` = c(0.99783557, 0.99810757, 1.00113196, 1.00543739, 1.01133538, 1.03251201, 1.04269224, 1.04095045, 1.04618128),
  `30` = c(0.99964271, 1.00131646, 1.00704216, 1.01615354, 1.03114280, 1.07240935, 1.13640401, 1.22223233, 1.36263585),
  `31` = c(1.00165606, 1.00467028, 1.01349640, 1.02809356, 1.05378609, 1.11932465, 1.22778183, 1.44749559, 1.78761561),
  `32` = c(1.00396675, 1.00842309, 1.02053528, 1.04143398, 1.07978629, 1.17522977, 1.33959964, 1.67874795, 2.52073977),
  `33` = c(1.00652580, 1.01276269, 1.02808246, 1.05638870, 1.10999073, 1.24246166, 1.47830027, 1.98673091, 3.88781227),
  `34` = c(1.00947609, 1.01759839, 1.03662982, 1.07278573, 1.14487742, 1.32300615, 1.65403182, 2.44030553, 5.25440673),
  `35` = c(1.01264305, 1.02330065, 1.04722060, 1.09154396, 1.18453610, 1.42010537, 1.87769212, 3.11538766, 10.13902433),
  check.names = FALSE
)

# AN (Alpha Regression) - Female
df_an_f <- data.frame(
  Age_Group = ages_vec,
  `22` = c(-3.620585672751, -4.473163624120, -5.187975774717, -5.788460202587, -6.353326378880, -6.800888250845, -7.190286053109, -7.842352703452, -8.500259179252),
  `23` = c(-3.643088387510, -4.438363964558, -5.143516705651, -5.749924540386, -6.297689252681, -6.732736959687, -7.077837424000, -7.725388439894, -8.360074808959),
  `24` = c(-3.632685482494, -4.399876318369, -5.105605285472, -5.715506184677, -6.258140738697, -6.658723948321, -6.967141765630, -7.608913437464, -8.212999212085),
  `25` = c(-3.620668111485, -4.370457441373, -5.065231111788, -5.672385331694, -6.202733887576, -6.555094967982, -6.827225182379, -7.478878250140, -8.083277288386),
  `26` = c(-3.608914710039, -4.348039635079, -5.037991108343, -5.641765210315, -6.143062602578, -6.445830550730, -6.706040264933, -7.348099308036, -8.006335014555),
  `27` = c(-3.598293760586, -4.330839252109, -5.015084209684, -5.599928986092, -6.080588892123, -6.358113407830, -6.631299963100, -7.257499868654, -7.954461961447),
  `28` = c(-3.587288279780, -4.317330137456, -4.996888218259, -5.574707743991, -6.030192797043, -6.269809863819, -6.580937040833, -7.202853285597, -7.915361219068),
  `29` = c(-3.579938908468, -4.304221165084, -4.974344222914, -5.544010451582, -5.974334548628, -6.203949008524, -6.543871331047, -7.167391446044, -7.882935316363),
  `30` = c(-3.572606999078, -4.288242081106, -4.963064285379, -5.521209468665, -5.946823761110, -6.173161655542, -6.516374177194, -7.146010619889, -7.852737222082),
  `31` = c(-3.565172791773, -4.281294683488, -4.954089478901, -5.511127481229, -5.920903679712, -6.157548251405, -6.508016754209, -7.135436872243, -7.820653897187),
  `32` = c(-3.558967784271, -4.277067284664, -4.938463085771, -5.491551826821, -5.896593956785, -6.143022514300, -6.502142658943, -7.132276718886, -7.788380943028),
  `33` = c(-3.554298011377, -4.274709786504, -4.932381249968, -5.473782866778, -5.861344688054, -6.129154060927, -6.498442001473, -7.129157777913, -7.752199253158),
  `34` = c(-3.552444136870, -4.273039592696, -4.926699812038, -5.468952800424, -5.827977162918, -6.115181652977, -6.496664538351, -7.126850488686, -7.706538998405),
  `35` = c(-3.552173761273, -4.271689730263, -4.912996651139, -5.455019502282, -5.797258857897, -6.101725547783, -6.497408672979, -7.127197276322, -7.648259452528),
  check.names = FALSE
)

# BN (Beta Regression) - Female
df_bn_f <- data.frame(
  Age_Group = ages_vec,
  `22` = c(9.825283928, 10.157805869, 11.132385825, 11.989448969, 12.579431747, 12.671986737, 12.343911200, 11.765500425, 9.329595441),
  `23` = c(8.931243920, 10.026458668, 11.038151634, 11.903717005, 12.431542693, 12.431472582, 11.980590782, 11.168959102, 8.367149354),
  `24` = c(8.826103145, 9.923877995, 10.960367070, 11.812484377, 12.264990786, 12.138324835, 11.595196130, 10.543568777, 7.178799863),
  `25` = c(8.737243726, 9.848776977, 10.892987573, 11.703386329, 12.063178198, 11.769278842, 11.141117372, 9.819399505, 5.725737355),
  `26` = c(8.668218581, 9.802021125, 10.804096568, 11.551775755, 11.804860308, 11.361259476, 10.570652710, 8.902349939, 4.345350490),
  `27` = c(8.620515356, 9.759472184, 10.711145038, 11.370962168, 11.509488903, 11.021684379, 10.055510957, 8.042938710, 2.938211829),
  `28` = c(8.590192209, 9.721873635, 10.634586343, 11.199589062, 11.266732448, 10.729554571, 9.592103875, 7.253511096, 1.407946258),
  `29` = c(8.544422629, 9.687483376, 10.597177332, 11.063252584, 11.061739480, 10.435422342, 9.133645610, 6.447972228, -0.303160628),
  `30` = c(8.505289945, 9.668151250, 10.558684235, 10.990040627, 10.931798774, 10.213502560, 8.664130892, 5.585743447, -2.254625392),
  `31` = c(8.475890882, 9.659757906, 10.520924954, 10.906664532, 10.791182088, 9.961352800, 8.265252403, 4.627744681, -4.028189308),
  `32` = c(8.459749556, 9.657234794, 10.486217241, 10.823645717, 10.638420340, 9.683638578, 7.825557727, 3.758151865, -6.070573600),
  `33` = c(8.452716988, 9.650934313, 10.447937682, 10.735173385, 10.478393264, 9.376100763, 7.338980094, 2.775161191, -8.450006638),
  `34` = c(8.455180550, 9.642965238, 10.400465401, 10.638958961, 10.304450567, 9.038214731, 6.796011085, 1.643966040, -11.305782933),
  `35` = c(8.464357511, 9.624060033, 10.334883956, 10.538013922, 10.122168089, 8.668864725, 6.197509774, 0.343203803, -14.776034886),
  check.names = FALSE
)

# --- 2B. MALE COEFFICIENTS ---

# WN (Weighting Factors) - Male
